#! FIELDS s2a hhSe dhhSe_s2a
#! SET normalisation  200.000000
#! SET min_s2a -6
#! SET max_s2a 0.
#! SET nbins_s2a  400
#! SET periodic_s2a false
 -6.000000 0.000000 0.000000
 -5.985000 0.000000 0.000000
 -5.970000 0.000000 0.000000
 -5.955000 0.000000 0.000000
 -5.940000 0.000000 0.000000
 -5.925000 0.000000 0.000000
 -5.910000 0.000000 0.000000
 -5.895000 0.000000 0.000000
 -5.880000 0.000000 0.000000
 -5.865000 0.000000 0.000000
 -5.850000 0.000000 0.000000
 -5.835000 0.000000 0.000000
 -5.820000 0.000000 0.000000
 -5.805000 0.000000 0.000000
 -5.790000 0.000000 0.000000
 -5.775000 0.000000 0.000000
 -5.760000 0.000000 0.000000
 -5.745000 0.000000 0.000000
 -5.730000 0.000000 0.000000
 -5.715000 0.000000 0.000000
 -5.700000 0.000000 0.000000
 -5.685000 0.000000 0.000000
 -5.670000 0.000000 0.000000
 -5.655000 0.000000 0.000000
 -5.640000 0.000000 0.000000
 -5.625000 0.000000 0.000000
 -5.610000 0.000000 0.000000
 -5.595000 0.000000 0.000000
 -5.580000 0.000000 0.000000
 -5.565000 0.000000 0.000000
 -5.550000 0.000000 0.000000
 -5.535000 0.000000 0.000000
 -5.520000 0.000000 0.000000
 -5.505000 0.000000 0.000000
 -5.490000 0.000000 0.000000
 -5.475000 0.000000 0.000000
 -5.460000 0.000000 0.000000
 -5.445000 0.000000 0.000000
 -5.430000 0.000000 0.000000
 -5.415000 0.000000 0.000000
 -5.400000 0.000000 0.000000
 -5.385000 0.000000 0.000000
 -5.370000 0.000000 0.000000
 -5.355000 0.000000 0.000000
 -5.340000 0.000000 0.000000
 -5.325000 0.000000 0.000000
 -5.310000 0.000000 0.000000
 -5.295000 0.000000 0.000000
 -5.280000 0.000000 0.000000
 -5.265000 0.000000 0.000000
 -5.250000 0.000000 0.000000
 -5.235000 0.000000 0.000000
 -5.220000 0.000000 0.000000
 -5.205000 0.000000 0.000000
 -5.190000 0.000000 0.000000
 -5.175000 0.000000 0.000000
 -5.160000 0.000000 0.000000
 -5.145000 0.000000 0.000000
 -5.130000 0.000000 0.000000
 -5.115000 0.000000 0.000000
 -5.100000 0.000000 0.000000
 -5.085000 0.000000 0.000000
 -5.070000 0.000000 0.000000
 -5.055000 0.000000 0.000000
 -5.040000 0.000000 0.000000
 -5.025000 0.000000 0.000000
 -5.010000 0.000000 0.000000
 -4.995000 0.000000 0.000000
 -4.980000 0.000000 0.000000
 -4.965000 0.000000 0.000000
 -4.950000 0.000000 0.000000
 -4.935000 0.000000 0.000000
 -4.920000 0.000000 0.000000
 -4.905000 0.000000 0.000000
 -4.890000 0.000000 0.000000
 -4.875000 0.000000 0.000000
 -4.860000 0.000000 0.000000
 -4.845000 0.000000 0.000000
 -4.830000 0.000000 0.000000
 -4.815000 0.000000 0.000000
 -4.800000 0.000000 0.000000
 -4.785000 0.000000 0.000000
 -4.770000 0.000000 0.000000
 -4.755000 0.000000 0.000000
 -4.740000 0.000000 0.000000
 -4.725000 0.000000 0.000000
 -4.710000 0.000000 0.000000
 -4.695000 0.000000 0.000000
 -4.680000 0.000000 0.000000
 -4.665000 0.000000 0.000000
 -4.650000 0.000000 0.000000
 -4.635000 0.000000 0.000000
 -4.620000 0.000000 0.000000
 -4.605000 0.000000 0.000000
 -4.590000 0.000000 0.000000
 -4.575000 0.000000 0.000000
 -4.560000 0.000000 0.000000
 -4.545000 0.000000 0.000000
 -4.530000 0.000000 0.000000
 -4.515000 0.000000 0.000000
 -4.500000 0.000000 0.000000
 -4.485000 0.000000 0.000000
 -4.470000 0.000000 0.000000
 -4.455000 0.000000 0.000000
 -4.440000 0.000000 0.000000
 -4.425000 0.000000 0.000000
 -4.410000 0.000000 0.000000
 -4.395000 0.000000 0.000000
 -4.380000 0.000000 0.000000
 -4.365000 0.000000 0.000000
 -4.350000 0.000000 0.000000
 -4.335000 0.000000 0.000000
 -4.320000 0.000000 0.000000
 -4.305000 0.000000 0.000000
 -4.290000 0.000000 0.000000
 -4.275000 0.000000 0.000000
 -4.260000 0.000000 0.000000
 -4.245000 0.000000 0.000000
 -4.230000 0.000000 0.000000
 -4.215000 0.000000 0.000008
 -4.200000 0.000000 0.000021
 -4.185000 0.000001 0.000060
 -4.170000 0.000002 0.000141
 -4.155000 0.000006 0.000300
 -4.140000 0.000012 0.000603
 -4.125000 0.000025 0.001097
 -4.110000 0.000047 0.001841
 -4.095000 0.000082 0.002852
 -4.080000 0.000134 0.004115
 -4.065000 0.000206 0.005609
 -4.050000 0.000303 0.007292
 -4.035000 0.000426 0.009110
 -4.020000 0.000577 0.010946
 -4.005000 0.000754 0.012525
 -3.990000 0.000950 0.013460
 -3.975000 0.001153 0.013385
 -3.960000 0.001347 0.012262
 -3.945000 0.001519 0.010542
 -3.930000 0.001667 0.009302
 -3.915000 0.001807 0.009762
 -3.900000 0.001975 0.012914
 -3.885000 0.002211 0.018948
 -3.870000 0.002558 0.027385
 -3.855000 0.003043 0.037187
 -3.840000 0.003680 0.047393
 -3.825000 0.004469 0.057585
 -3.810000 0.005413 0.068210
 -3.795000 0.006529 0.080680
 -3.780000 0.007860 0.097095
 -3.765000 0.009479 0.119496
 -3.750000 0.011491 0.149170
 -3.735000 0.014000 0.185707
 -3.720000 0.017096 0.226767
 -3.705000 0.020826 0.269375
 -3.690000 0.025188 0.311076
 -3.675000 0.030177 0.352529
 -3.660000 0.035799 0.396464
 -3.645000 0.042132 0.447778
 -3.630000 0.049313 0.509989
 -3.615000 0.057525 0.584743
 -3.600000 0.066947 0.670585
 -3.585000 0.077723 0.764801
 -3.570000 0.089968 0.865759
 -3.555000 0.103778 0.973487
 -3.540000 0.119267 1.089667
 -3.525000 0.136584 1.217326
 -3.510000 0.155911 1.357945
 -3.495000 0.177464 1.513482
 -3.480000 0.201460 1.683165
 -3.465000 0.228099 1.864890
 -3.450000 0.257536 2.055047
 -3.435000 0.289875 2.250314
 -3.420000 0.325169 2.448780
 -3.405000 0.363469 2.651713
 -3.390000 0.404880 2.864662
 -3.375000 0.449626 3.097583
 -3.360000 0.498056 3.356175
 -3.345000 0.550553 3.638492
 -3.330000 0.607394 3.931775
 -3.315000 0.668576 4.212059
 -3.300000 0.733700 4.453922
 -3.285000 0.802024 4.636370
 -3.270000 0.872590 4.754717
 -3.255000 0.944505 4.817721
 -3.240000 1.017065 4.845461
 -3.225000 1.089903 4.857533
 -3.210000 1.162882 4.865678
 -3.195000 1.235924 4.865988
 -3.180000 1.308796 4.839587
 -3.165000 1.380923 4.763225
 -3.150000 1.451389 4.619317
 -3.135000 1.519166 4.405307
 -3.120000 1.583277 4.136810
 -3.105000 1.643064 3.834971
 -3.090000 1.698163 3.516021
 -3.075000 1.748351 3.179159
 -3.060000 1.793242 2.809389
 -3.045000 1.832160 2.382713
 -3.030000 1.864096 1.877927
 -3.015000 1.887839 1.291055
 -3.000000 1.902206 0.635221
 -2.985000 1.906329 -0.066293
 -2.970000 1.899762 -0.784662
 -2.955000 1.882449 -1.490044
 -2.940000 1.854748 -2.164825
 -2.925000 1.817201 -2.799905
 -2.910000 1.770421 -3.394590
 -2.895000 1.715006 -3.952184
 -2.880000 1.651487 -4.470639
 -2.865000 1.580493 -4.945454
 -2.850000 1.502765 -5.365825
 -2.835000 1.419210 -5.717982
 -2.820000 1.330951 -5.990804
 -2.805000 1.239239 -6.176694
 -2.790000 1.145413 -6.270350
 -2.775000 1.050880 -6.272433
 -2.760000 0.957010 -6.182825
 -2.745000 0.865144 -6.007069
 -2.730000 0.776518 -5.754906
 -2.715000 0.692170 -5.438779
 -2.700000 0.612933 -5.078089
 -2.685000 0.539329 -4.693514
 -2.670000 0.471554 -4.304067
 -2.655000 0.409582 -3.927233
 -2.640000 0.353136 -3.567886
 -2.625000 0.301949 -3.227999
 -2.610000 0.255763 -2.903386
 -2.595000 0.214383 -2.589107
 -2.580000 0.177661 -2.283422
 -2.565000 0.145468 -1.989490
 -2.550000 0.117597 -1.709769
 -2.535000 0.093809 -1.448143
 -2.520000 0.073812 -1.206941
 -2.505000 0.057281 -0.988520
 -2.490000 0.043851 -0.794562
 -2.475000 0.033144 -0.627507
 -2.460000 0.024753 -0.487913
 -2.445000 0.018264 -0.373303
 -2.430000 0.013328 -0.282302
 -2.415000 0.009614 -0.210573
 -2.400000 0.006863 -0.155176
 -2.385000 0.004844 -0.112409
 -2.370000 0.003389 -0.080290
 -2.355000 0.002356 -0.056648
 -2.340000 0.001631 -0.039448
 -2.325000 0.001130 -0.027039
 -2.310000 0.000789 -0.018161
 -2.295000 0.000561 -0.012031
 -2.280000 0.000410 -0.007911
 -2.265000 0.000309 -0.005472
 -2.250000 0.000236 -0.004085
 -2.235000 0.000180 -0.003341
 -2.220000 0.000134 -0.002837
 -2.205000 0.000094 -0.002353
 -2.190000 0.000062 -0.001840
 -2.175000 0.000038 -0.001337
 -2.160000 0.000021 -0.000867
 -2.145000 0.000011 -0.000510
 -2.130000 0.000005 -0.000277
 -2.115000 0.000002 -0.000135
 -2.100000 0.000001 -0.000060
 -2.085000 0.000000 -0.000024
 -2.070000 0.000000 0.000000
 -2.055000 0.000000 0.000000
 -2.040000 0.000000 0.000000
 -2.025000 0.000000 0.000000
 -2.010000 0.000000 0.000000
 -1.995000 0.000000 0.000000
 -1.980000 0.000000 0.000000
 -1.965000 0.000000 0.000000
 -1.950000 0.000000 0.000000
 -1.935000 0.000000 0.000000
 -1.920000 0.000000 0.000000
 -1.905000 0.000000 0.000000
 -1.890000 0.000000 0.000000
 -1.875000 0.000000 0.000000
 -1.860000 0.000000 0.000000
 -1.845000 0.000000 0.000000
 -1.830000 0.000000 0.000000
 -1.815000 0.000000 0.000000
 -1.800000 0.000000 0.000000
 -1.785000 0.000000 0.000000
 -1.770000 0.000000 0.000000
 -1.755000 0.000000 0.000000
 -1.740000 0.000000 0.000000
 -1.725000 0.000000 0.000000
 -1.710000 0.000000 0.000000
 -1.695000 0.000000 0.000000
 -1.680000 0.000000 0.000000
 -1.665000 0.000000 0.000000
 -1.650000 0.000000 0.000000
 -1.635000 0.000000 0.000000
 -1.620000 0.000000 0.000000
 -1.605000 0.000000 0.000000
 -1.590000 0.000000 0.000000
 -1.575000 0.000000 0.000000
 -1.560000 0.000000 0.000000
 -1.545000 0.000000 0.000000
 -1.530000 0.000000 0.000000
 -1.515000 0.000000 0.000000
 -1.500000 0.000000 0.000000
 -1.485000 0.000000 0.000000
 -1.470000 0.000000 0.000000
 -1.455000 0.000000 0.000000
 -1.440000 0.000000 0.000000
 -1.425000 0.000000 0.000000
 -1.410000 0.000000 0.000000
 -1.395000 0.000000 0.000000
 -1.380000 0.000000 0.000000
 -1.365000 0.000000 0.000000
 -1.350000 0.000000 0.000000
 -1.335000 0.000000 0.000000
 -1.320000 0.000000 0.000000
 -1.305000 0.000000 0.000000
 -1.290000 0.000000 0.000000
 -1.275000 0.000000 0.000000
 -1.260000 0.000000 0.000000
 -1.245000 0.000000 0.000000
 -1.230000 0.000000 0.000000
 -1.215000 0.000000 0.000000
 -1.200000 0.000000 0.000000
 -1.185000 0.000000 0.000000
 -1.170000 0.000000 0.000000
 -1.155000 0.000000 0.000000
 -1.140000 0.000000 0.000000
 -1.125000 0.000000 0.000000
 -1.110000 0.000000 0.000000
 -1.095000 0.000000 0.000000
 -1.080000 0.000000 0.000000
 -1.065000 0.000000 0.000000
 -1.050000 0.000000 0.000000
 -1.035000 0.000000 0.000000
 -1.020000 0.000000 0.000000
 -1.005000 0.000000 0.000000
 -0.990000 0.000000 0.000000
 -0.975000 0.000000 0.000000
 -0.960000 0.000000 0.000000
 -0.945000 0.000000 0.000000
 -0.930000 0.000000 0.000000
 -0.915000 0.000000 0.000000
 -0.900000 0.000000 0.000000
 -0.885000 0.000000 0.000000
 -0.870000 0.000000 0.000000
 -0.855000 0.000000 0.000000
 -0.840000 0.000000 0.000000
 -0.825000 0.000000 0.000000
 -0.810000 0.000000 0.000000
 -0.795000 0.000000 0.000000
 -0.780000 0.000000 0.000000
 -0.765000 0.000000 0.000000
 -0.750000 0.000000 0.000000
 -0.735000 0.000000 0.000000
 -0.720000 0.000000 0.000000
 -0.705000 0.000000 0.000000
 -0.690000 0.000000 0.000000
 -0.675000 0.000000 0.000000
 -0.660000 0.000000 0.000000
 -0.645000 0.000000 0.000000
 -0.630000 0.000000 0.000000
 -0.615000 0.000000 0.000000
 -0.600000 0.000000 0.000000
 -0.585000 0.000000 0.000000
 -0.570000 0.000000 0.000000
 -0.555000 0.000000 0.000000
 -0.540000 0.000000 0.000000
 -0.525000 0.000000 0.000000
 -0.510000 0.000000 0.000000
 -0.495000 0.000000 0.000000
 -0.480000 0.000000 0.000000
 -0.465000 0.000000 0.000000
 -0.450000 0.000000 0.000000
 -0.435000 0.000000 0.000000
 -0.420000 0.000000 0.000000
 -0.405000 0.000000 0.000000
 -0.390000 0.000000 0.000000
 -0.375000 0.000000 0.000000
 -0.360000 0.000000 0.000000
 -0.345000 0.000000 0.000000
 -0.330000 0.000000 0.000000
 -0.315000 0.000000 0.000000
 -0.300000 0.000000 0.000000
 -0.285000 0.000000 0.000000
 -0.270000 0.000000 0.000000
 -0.255000 0.000000 0.000000
 -0.240000 0.000000 0.000000
 -0.225000 0.000000 0.000000
 -0.210000 0.000000 0.000000
 -0.195000 0.000000 0.000000
 -0.180000 0.000000 0.000000
 -0.165000 0.000000 0.000000
 -0.150000 0.000000 0.000000
 -0.135000 0.000000 0.000000
 -0.120000 0.000000 0.000000
 -0.105000 0.000000 0.000000
 -0.090000 0.000000 0.000000
 -0.075000 0.000000 0.000000
 -0.060000 0.000000 0.000000
 -0.045000 0.000000 0.000000
 -0.030000 0.000000 0.000000
 -0.015000 0.000000 0.000000
 0.000000 0.000000 0.000000
