#! FIELDS s2 hhS dhhS_s2
#! SET normalisation  200.000000
#! SET min_s2 -10
#! SET max_s2 0.
#! SET nbins_s2  400
#! SET periodic_s2 false
 -10.000000 0.000000 0.000000
 -9.975000 0.000000 0.000000
 -9.950000 0.000000 0.000000
 -9.925000 0.000000 0.000000
 -9.900000 0.000000 0.000000
 -9.875000 0.000000 0.000000
 -9.850000 0.000000 0.000000
 -9.825000 0.000000 0.000000
 -9.800000 0.000000 0.000000
 -9.775000 0.000000 0.000000
 -9.750000 0.000000 0.000000
 -9.725000 0.000000 0.000000
 -9.700000 0.000000 0.000000
 -9.675000 0.000000 0.000000
 -9.650000 0.000000 0.000000
 -9.625000 0.000000 0.000000
 -9.600000 0.000000 0.000000
 -9.575000 0.000000 0.000000
 -9.550000 0.000000 0.000000
 -9.525000 0.000000 0.000000
 -9.500000 0.000000 0.000000
 -9.475000 0.000000 0.000000
 -9.450000 0.000000 0.000000
 -9.425000 0.000000 0.000000
 -9.400000 0.000000 0.000000
 -9.375000 0.000000 0.000000
 -9.350000 0.000000 0.000000
 -9.325000 0.000000 0.000000
 -9.300000 0.000000 0.000000
 -9.275000 0.000000 0.000000
 -9.250000 0.000000 0.000000
 -9.225000 0.000000 0.000000
 -9.200000 0.000000 0.000000
 -9.175000 0.000000 0.000000
 -9.150000 0.000000 0.000000
 -9.125000 0.000000 0.000000
 -9.100000 0.000000 0.000000
 -9.075000 0.000000 0.000000
 -9.050000 0.000000 0.000000
 -9.025000 0.000000 0.000000
 -9.000000 0.000000 0.000000
 -8.975000 0.000000 0.000000
 -8.950000 0.000000 0.000000
 -8.925000 0.000000 0.000000
 -8.900000 0.000000 0.000000
 -8.875000 0.000000 0.000000
 -8.850000 0.000000 0.000000
 -8.825000 0.000000 0.000000
 -8.800000 0.000000 0.000000
 -8.775000 0.000000 0.000001
 -8.750000 0.000000 0.000004
 -8.725000 0.000000 0.000024
 -8.700000 0.000002 0.000104
 -8.675000 0.000007 0.000344
 -8.650000 0.000021 0.000846
 -8.625000 0.000051 0.001520
 -8.600000 0.000095 0.001890
 -8.575000 0.000138 0.001371
 -8.550000 0.000156 -0.000006
 -8.525000 0.000137 -0.001379
 -8.500000 0.000094 -0.001890
 -8.475000 0.000050 -0.001515
 -8.450000 0.000021 -0.000841
 -8.425000 0.000007 -0.000341
 -8.400000 0.000002 -0.000103
 -8.375000 0.000000 -0.000024
 -8.350000 0.000000 0.000000
 -8.325000 0.000000 0.000000
 -8.300000 0.000000 0.000000
 -8.275000 0.000000 0.000000
 -8.250000 0.000000 0.000000
 -8.225000 0.000000 0.000000
 -8.200000 0.000000 0.000000
 -8.175000 0.000000 0.000000
 -8.150000 0.000000 0.000000
 -8.125000 0.000000 0.000001
 -8.100000 0.000000 0.000009
 -8.075000 0.000001 0.000047
 -8.050000 0.000003 0.000195
 -8.025000 0.000013 0.000617
 -8.000000 0.000038 0.001482
 -7.975000 0.000090 0.002662
 -7.950000 0.000168 0.003437
 -7.925000 0.000250 0.002843
 -7.900000 0.000297 0.000737
 -7.875000 0.000284 -0.001640
 -7.850000 0.000227 -0.002627
 -7.825000 0.000169 -0.001733
 -7.800000 0.000147 -0.000009
 -7.775000 0.000163 0.001100
 -7.750000 0.000193 0.001117
 -7.725000 0.000215 0.000674
 -7.700000 0.000229 0.000446
 -7.675000 0.000239 0.000391
 -7.650000 0.000247 0.000176
 -7.625000 0.000245 -0.000321
 -7.600000 0.000228 -0.001094
 -7.575000 0.000190 -0.001930
 -7.550000 0.000135 -0.002340
 -7.525000 0.000079 -0.002025
 -7.500000 0.000038 -0.001239
 -7.475000 0.000018 -0.000395
 -7.450000 0.000018 0.000416
 -7.425000 0.000039 0.001340
 -7.400000 0.000086 0.002348
 -7.375000 0.000154 0.003035
 -7.350000 0.000231 0.002980
 -7.325000 0.000297 0.002189
 -7.300000 0.000337 0.000985
 -7.275000 0.000345 -0.000310
 -7.250000 0.000324 -0.001276
 -7.225000 0.000290 -0.001299
 -7.200000 0.000269 -0.000164
 -7.175000 0.000284 0.001328
 -7.150000 0.000329 0.002032
 -7.125000 0.000379 0.001902
 -7.100000 0.000427 0.002090
 -7.075000 0.000492 0.003242
 -7.050000 0.000587 0.004179
 -7.025000 0.000682 0.002981
 -7.000000 0.000716 -0.000536
 -6.975000 0.000658 -0.003723
 -6.950000 0.000562 -0.003118
 -6.925000 0.000541 0.002009
 -6.900000 0.000671 0.008012
 -6.875000 0.000902 0.009351
 -6.850000 0.001080 0.003895
 -6.825000 0.001073 -0.004338
 -6.800000 0.000894 -0.008929
 -6.775000 0.000681 -0.007158
 -6.750000 0.000573 -0.001060
 -6.725000 0.000633 0.005748
 -6.700000 0.000840 0.010171
 -6.675000 0.001106 0.010406
 -6.650000 0.001333 0.007552
 -6.625000 0.001491 0.005546
 -6.600000 0.001642 0.007116
 -6.575000 0.001864 0.010683
 -6.550000 0.002164 0.012863
 -6.525000 0.002486 0.012547
 -6.500000 0.002778 0.010604
 -6.475000 0.003009 0.007832
 -6.450000 0.003172 0.005507
 -6.425000 0.003307 0.005856
 -6.400000 0.003496 0.009720
 -6.375000 0.003802 0.014613
 -6.350000 0.004199 0.016365
 -6.325000 0.004576 0.012995
 -6.300000 0.004826 0.006946
 -6.275000 0.004938 0.002595
 -6.250000 0.004977 0.000662
 -6.225000 0.004962 -0.002274
 -6.200000 0.004845 -0.007083
 -6.175000 0.004634 -0.008751
 -6.150000 0.004472 -0.002897
 -6.125000 0.004532 0.008044
 -6.100000 0.004863 0.017790
 -6.075000 0.005378 0.022458
 -6.050000 0.005939 0.021578
 -6.025000 0.006419 0.016183
 -6.000000 0.006725 0.008165
 -5.975000 0.006827 0.000181
 -5.950000 0.006755 -0.005256
 -5.925000 0.006606 -0.005619
 -5.900000 0.006541 0.002076
 -5.875000 0.006790 0.019263
 -5.850000 0.007552 0.041989
 -5.825000 0.008847 0.059676
 -5.800000 0.010388 0.060024
 -5.775000 0.011663 0.038776
 -5.750000 0.012235 0.006876
 -5.725000 0.012091 -0.015096
 -5.700000 0.011678 -0.013902
 -5.675000 0.011543 0.004598
 -5.650000 0.011907 0.023287
 -5.625000 0.012612 0.031178
 -5.600000 0.013391 0.030333
 -5.575000 0.014121 0.028511
 -5.550000 0.014850 0.030695
 -5.525000 0.015692 0.037272
 -5.500000 0.016728 0.045617
 -5.475000 0.017949 0.051223
 -5.450000 0.019232 0.050261
 -5.425000 0.020407 0.043079
 -5.400000 0.021368 0.033900
 -5.375000 0.022120 0.026907
 -5.350000 0.022750 0.024420
 -5.325000 0.023382 0.026852
 -5.300000 0.024108 0.031200
 -5.275000 0.024915 0.032652
 -5.250000 0.025714 0.031392
 -5.225000 0.026530 0.035889
 -5.200000 0.027631 0.054932
 -5.175000 0.029372 0.085071
 -5.150000 0.031819 0.107537
 -5.125000 0.034501 0.101282
 -5.100000 0.036616 0.064314
 -5.075000 0.037665 0.021766
 -5.050000 0.037941 0.006993
 -5.025000 0.038344 0.030980
 -5.000000 0.039655 0.074784
 -4.975000 0.042009 0.110407
 -4.950000 0.044973 0.122673
 -4.925000 0.047957 0.113269
 -4.900000 0.050550 0.093771
 -4.875000 0.052660 0.076320
 -4.850000 0.054435 0.067637
 -4.825000 0.056139 0.071001
 -4.800000 0.058091 0.087173
 -4.775000 0.060538 0.108348
 -4.750000 0.063417 0.119360
 -4.725000 0.066346 0.112287
 -4.700000 0.068932 0.093938
 -4.675000 0.071031 0.074676
 -4.650000 0.072707 0.060967
 -4.625000 0.074164 0.058052
 -4.600000 0.075709 0.067304
 -4.575000 0.077540 0.078389
 -4.550000 0.079535 0.079847
 -4.525000 0.081532 0.082831
 -4.500000 0.083932 0.116451
 -4.475000 0.087678 0.188121
 -4.450000 0.093366 0.263686
 -4.425000 0.100500 0.297801
 -4.400000 0.107764 0.275149
 -4.375000 0.113957 0.217835
 -4.350000 0.118664 0.161682
 -4.325000 0.122225 0.127605
 -4.300000 0.125210 0.114441
 -4.275000 0.128087 0.119786
 -4.250000 0.131455 0.156552
 -4.225000 0.136228 0.230304
 -4.200000 0.142980 0.305425
 -4.175000 0.150992 0.322671
 -4.150000 0.158439 0.263265
 -4.125000 0.163917 0.177545
 -4.100000 0.167677 0.134674
 -4.075000 0.171170 0.153670
 -4.050000 0.175553 0.197265
 -4.025000 0.180850 0.221946
 -4.000000 0.186410 0.220414
 -3.975000 0.191834 0.215902
 -3.950000 0.197337 0.228490
 -3.925000 0.203378 0.257095
 -3.900000 0.210186 0.287149
 -3.875000 0.217613 0.305222
 -3.850000 0.225320 0.310861
 -3.825000 0.233143 0.316927
 -3.800000 0.241214 0.330212
 -3.775000 0.249593 0.338531
 -3.750000 0.257931 0.324832
 -3.725000 0.265600 0.286201
 -3.700000 0.272164 0.241406
 -3.675000 0.277875 0.223260
 -3.650000 0.283679 0.248565
 -3.625000 0.290462 0.295551
 -3.600000 0.298307 0.328735
 -3.575000 0.306656 0.336702
 -3.550000 0.315032 0.334909
 -3.525000 0.323450 0.341682
 -3.500000 0.332157 0.355782
 -3.475000 0.341083 0.355643
 -3.450000 0.349725 0.335142
 -3.425000 0.357926 0.328671
 -3.400000 0.366570 0.373047
 -3.375000 0.376777 0.443162
 -3.350000 0.388229 0.458851
 -3.325000 0.398813 0.373291
 -3.300000 0.406349 0.228359
 -3.275000 0.410457 0.113566
 -3.250000 0.412748 0.087750
 -3.225000 0.415575 0.152794
 -3.200000 0.420771 0.267808
 -3.175000 0.428814 0.369484
 -3.150000 0.438639 0.405546
 -3.125000 0.448521 0.380620
 -3.100000 0.457560 0.347256
 -3.075000 0.466049 0.337079
 -3.050000 0.474383 0.328584
 -3.025000 0.482202 0.293885
 -3.000000 0.488840 0.236914
 -2.975000 0.493963 0.174721
 -2.950000 0.497540 0.113916
 -2.925000 0.499682 0.062054
 -2.900000 0.500765 0.030841
 -2.875000 0.501383 0.024715
 -2.850000 0.502140 0.041401
 -2.825000 0.503535 0.073840
 -2.800000 0.505716 0.099177
 -2.775000 0.508140 0.090137
 -2.750000 0.509871 0.046930
 -2.725000 0.510367 -0.003766
 -2.700000 0.509711 -0.044606
 -2.675000 0.508156 -0.076218
 -2.650000 0.505914 -0.098824
 -2.625000 0.503251 -0.110269
 -2.600000 0.500379 -0.117060
 -2.575000 0.497359 -0.121010
 -2.550000 0.494357 -0.114569
 -2.525000 0.491603 -0.104722
 -2.500000 0.488853 -0.118942
 -2.475000 0.485311 -0.166076
 -2.450000 0.480427 -0.220205
 -2.425000 0.474472 -0.246971
 -2.400000 0.468438 -0.224012
 -2.375000 0.463656 -0.149523
 -2.350000 0.460935 -0.072508
 -2.325000 0.459204 -0.085654
 -2.300000 0.455436 -0.233218
 -2.275000 0.446954 -0.442334
 -2.250000 0.433800 -0.589181
 -2.225000 0.418448 -0.617877
 -2.200000 0.403532 -0.565381
 -2.175000 0.390245 -0.497100
 -2.150000 0.378382 -0.456253
 -2.125000 0.366985 -0.461676
 -2.100000 0.354844 -0.513744
 -2.075000 0.341033 -0.589920
 -2.050000 0.325348 -0.659824
 -2.025000 0.308162 -0.709176
 -2.000000 0.290050 -0.732517
 -1.975000 0.271814 -0.716723
 -1.950000 0.254560 -0.654548
 -1.925000 0.239279 -0.563881
 -1.900000 0.226283 -0.477204
 -1.875000 0.215126 -0.419564
 -1.850000 0.204903 -0.404275
 -1.825000 0.194505 -0.432267
 -1.800000 0.183049 -0.483634
 -1.775000 0.170397 -0.522437
 -1.750000 0.157147 -0.531957
 -1.725000 0.143860 -0.530191
 -1.700000 0.130545 -0.534879
 -1.675000 0.117140 -0.532855
 -1.650000 0.104148 -0.498977
 -1.625000 0.092442 -0.432906
 -1.600000 0.082521 -0.361463
 -1.575000 0.074153 -0.311942
 -1.550000 0.066646 -0.292402
 -1.525000 0.059343 -0.292930
 -1.500000 0.051969 -0.294932
 -1.475000 0.044700 -0.283017
 -1.450000 0.037928 -0.256558
 -1.425000 0.031881 -0.227240
 -1.400000 0.026501 -0.203757
 -1.375000 0.021664 -0.182304
 -1.350000 0.017429 -0.154689
 -1.325000 0.013982 -0.120098
 -1.300000 0.011402 -0.087187
 -1.275000 0.009520 -0.065460
 -1.250000 0.008005 -0.057713
 -1.225000 0.006549 -0.059483
 -1.200000 0.005022 -0.061882
 -1.175000 0.003515 -0.056939
 -1.150000 0.002241 -0.043910
 -1.125000 0.001336 -0.028677
 -1.100000 0.000774 -0.017088
 -1.075000 0.000440 -0.010272
 -1.050000 0.000235 -0.006354
 -1.025000 0.000111 -0.003671
 -1.000000 0.000044 -0.001785
 -0.975000 0.000014 -0.000704
 -0.950000 0.000004 -0.000218
 -0.925000 0.000001 -0.000052
 -0.900000 0.000000 -0.000009
 -0.875000 0.000000 0.000000
 -0.850000 0.000000 0.000000
 -0.825000 0.000000 0.000000
 -0.800000 0.000000 0.000000
 -0.775000 0.000000 0.000000
 -0.750000 0.000000 0.000000
 -0.725000 0.000000 0.000000
 -0.700000 0.000000 0.000000
 -0.675000 0.000000 0.000000
 -0.650000 0.000000 0.000000
 -0.625000 0.000000 0.000000
 -0.600000 0.000000 0.000000
 -0.575000 0.000000 0.000000
 -0.550000 0.000000 0.000000
 -0.525000 0.000000 0.000000
 -0.500000 0.000000 0.000000
 -0.475000 0.000000 0.000000
 -0.450000 0.000000 0.000000
 -0.425000 0.000000 0.000000
 -0.400000 0.000000 0.000000
 -0.375000 0.000000 0.000000
 -0.350000 0.000000 0.000000
 -0.325000 0.000000 0.000000
 -0.300000 0.000000 0.000000
 -0.275000 0.000000 0.000000
 -0.250000 0.000000 0.000000
 -0.225000 0.000000 0.000000
 -0.200000 0.000000 0.000000
 -0.175000 0.000000 0.000000
 -0.150000 0.000000 0.000000
 -0.125000 0.000000 0.000000
 -0.100000 0.000000 0.000000
 -0.075000 0.000000 0.000000
 -0.050000 0.000000 0.000000
 -0.025000 0.000000 0.000000
 0.000000 0.000000 0.000000
