#! FIELDS time s2.mean s2a.mean
 0.000000 -4.182490 -4.185933
 1.000000 -4.190136 -4.193722
 2.000000 -4.195157 -4.197949
 3.000000 -4.359097 -4.362614
 4.000000 -4.273143 -4.278449
 5.000000 -4.323480 -4.325423
 6.000000 -4.289860 -4.291918
 7.000000 -4.012981 -4.015963
 8.000000 -4.028456 -4.030251
 9.000000 -4.338021 -4.341312
 10.000000 -4.106877 -4.109635
 11.000000 -4.125460 -4.127232
 12.000000 -3.933744 -3.936896
 13.000000 -4.292921 -4.295644
 14.000000 -4.216875 -4.219952
 15.000000 -3.995065 -3.996254
 16.000000 -4.149530 -4.153395
 17.000000 -3.918291 -3.921142
 18.000000 -4.256370 -4.259428
 19.000000 -4.165137 -4.168602
 20.000000 -4.009661 -4.013084
 21.000000 -4.401073 -4.405010
 22.000000 -4.214099 -4.216520
 23.000000 -4.020412 -4.023082
 24.000000 -4.017290 -4.019808
 25.000000 -4.126161 -4.130322
 26.000000 -4.132805 -4.135340
 27.000000 -4.136301 -4.140164
 28.000000 -4.011597 -4.012982
 29.000000 -3.863380 -3.867250
 30.000000 -4.043023 -4.047400
 31.000000 -4.141041 -4.143716
 32.000000 -4.222595 -4.225033
 33.000000 -4.100177 -4.103009
 34.000000 -4.246847 -4.250369
 35.000000 -4.040218 -4.043861
 36.000000 -4.072589 -4.074785
 37.000000 -4.130328 -4.132652
 38.000000 -4.103525 -4.106235
 39.000000 -4.135462 -4.138273
 40.000000 -3.893766 -3.896888
 41.000000 -4.054907 -4.057564
 42.000000 -4.266554 -4.269963
 43.000000 -4.260774 -4.262862
 44.000000 -4.304458 -4.307094
 45.000000 -4.101931 -4.105781
 46.000000 -4.127944 -4.131647
 47.000000 -4.082270 -4.084203
 48.000000 -4.051703 -4.053933
 49.000000 -4.149778 -4.151545
 50.000000 -4.216040 -4.217649
 51.000000 -4.113329 -4.115920
 52.000000 -4.271902 -4.274564
 53.000000 -4.152529 -4.156063
 54.000000 -3.992450 -3.994698
 55.000000 -3.814259 -3.818507
 56.000000 -4.208328 -4.210503
 57.000000 -4.213330 -4.216223
 58.000000 -4.371004 -4.372953
 59.000000 -4.087963 -4.091480
 60.000000 -4.190176 -4.192255
 61.000000 -3.965713 -3.967916
 62.000000 -4.084004 -4.086484
 63.000000 -4.158290 -4.159274
 64.000000 -4.242116 -4.244510
 65.000000 -4.224336 -4.226353
 66.000000 -4.008043 -4.011169
 67.000000 -4.124682 -4.128384
 68.000000 -4.170922 -4.171889
 69.000000 -4.226675 -4.228619
 70.000000 -4.206764 -4.207965
 71.000000 -4.065273 -4.068109
 72.000000 -4.078793 -4.080753
 73.000000 -4.339551 -4.340856
 74.000000 -4.319018 -4.321385
 75.000000 -4.020240 -4.024244
 76.000000 -4.090137 -4.093185
 77.000000 -4.096407 -4.100219
 78.000000 -4.236133 -4.238117
 79.000000 -4.153488 -4.155299
 80.000000 -4.275458 -4.278507
 81.000000 -4.236874 -4.239771
 82.000000 -4.334893 -4.337394
 83.000000 -4.208391 -4.212349
 84.000000 -4.192279 -4.195559
 85.000000 -4.195789 -4.199123
 86.000000 -4.056697 -4.059775
 87.000000 -4.147422 -4.151320
 88.000000 -4.079783 -4.083955
 89.000000 -4.018011 -4.021431
 90.000000 -4.331850 -4.332904
 91.000000 -4.161502 -4.165782
 92.000000 -4.123095 -4.126321
 93.000000 -4.067071 -4.069671
 94.000000 -4.247609 -4.250222
 95.000000 -4.027651 -4.030331
 96.000000 -4.269825 -4.273701
 97.000000 -4.028855 -4.031165
 98.000000 -4.133231 -4.135468
 99.000000 -4.110261 -4.113133
 100.000000 -4.271943 -4.274530
 101.000000 -4.129952 -4.133374
 102.000000 -4.036332 -4.039273
 103.000000 -4.191375 -4.193688
 104.000000 -4.371663 -4.374556
 105.000000 -4.210320 -4.213705
 106.000000 -3.898423 -3.901301
 107.000000 -3.902948 -3.905850
 108.000000 -4.121496 -4.124625
 109.000000 -4.294405 -4.296389
 110.000000 -4.016807 -4.019005
 111.000000 -3.921438 -3.923271
 112.000000 -4.222259 -4.225034
 113.000000 -4.363928 -4.366647
 114.000000 -4.121260 -4.124124
 115.000000 -3.969612 -3.973096
 116.000000 -4.137478 -4.139563
 117.000000 -4.078748 -4.083033
 118.000000 -4.139037 -4.141917
 119.000000 -4.015555 -4.018713
 120.000000 -4.148914 -4.150328
 121.000000 -4.176444 -4.180047
 122.000000 -4.182970 -4.185245
 123.000000 -4.003821 -4.007314
 124.000000 -4.308105 -4.310744
 125.000000 -3.933136 -3.935693
 126.000000 -4.122724 -4.125592
 127.000000 -4.185103 -4.187621
 128.000000 -4.057799 -4.060044
 129.000000 -4.173792 -4.176054
 130.000000 -4.246575 -4.248779
 131.000000 -4.158096 -4.162285
 132.000000 -4.083791 -4.086805
 133.000000 -4.011250 -4.014499
 134.000000 -4.089235 -4.090998
 135.000000 -4.313873 -4.316254
 136.000000 -3.926191 -3.929329
 137.000000 -4.171826 -4.175224
 138.000000 -4.288250 -4.290493
 139.000000 -4.343549 -4.345828
 140.000000 -4.253321 -4.255971
 141.000000 -4.235535 -4.238269
 142.000000 -4.382633 -4.384502
 143.000000 -4.059998 -4.062605
 144.000000 -4.193531 -4.195855
 145.000000 -4.103455 -4.107480
 146.000000 -4.055305 -4.059292
 147.000000 -4.241557 -4.244391
 148.000000 -4.312000 -4.314539
 149.000000 -4.069865 -4.073215
 150.000000 -4.178397 -4.180451
 151.000000 -4.092998 -4.095568
 152.000000 -4.015919 -4.019169
 153.000000 -3.967207 -3.970640
 154.000000 -4.141784 -4.143909
 155.000000 -4.311251 -4.315679
 156.000000 -4.204764 -4.207317
 157.000000 -4.157500 -4.162054
 158.000000 -4.136587 -4.139749
 159.000000 -4.338277 -4.341220
 160.000000 -4.217528 -4.221416
 161.000000 -4.187544 -4.189963
 162.000000 -3.991293 -3.994847
 163.000000 -4.346717 -4.348849
 164.000000 -4.284093 -4.287693
 165.000000 -4.067542 -4.070697
 166.000000 -4.001582 -4.003952
 167.000000 -4.275043 -4.277685
 168.000000 -4.297964 -4.300310
 169.000000 -3.919928 -3.923693
 170.000000 -3.835613 -3.837667
 171.000000 -4.105821 -4.108974
 172.000000 -4.160599 -4.164259
 173.000000 -4.140949 -4.144403
 174.000000 -4.047190 -4.050257
 175.000000 -4.208411 -4.210107
 176.000000 -4.079189 -4.081361
 177.000000 -3.986720 -3.990222
 178.000000 -4.205045 -4.207464
 179.000000 -4.153808 -4.157892
 180.000000 -4.100843 -4.104369
 181.000000 -4.196376 -4.200364
 182.000000 -4.181834 -4.184400
 183.000000 -4.304116 -4.304493
 184.000000 -3.923627 -3.927338
 185.000000 -3.974713 -3.977570
 186.000000 -4.327331 -4.329887
 187.000000 -4.398560 -4.398754
 188.000000 -4.170122 -4.174323
 189.000000 -3.971249 -3.973797
 190.000000 -3.811917 -3.814368
 191.000000 -4.144786 -4.147517
 192.000000 -4.117074 -4.120735
 193.000000 -3.917097 -3.921213
 194.000000 -4.151395 -4.155312
 195.000000 -4.227549 -4.230155
 196.000000 -3.968642 -3.971136
 197.000000 -4.218002 -4.221024
 198.000000 -4.092702 -4.095872
 199.000000 -4.211819 -4.215097
 200.000000 -4.135241 -4.137185
