#! FIELDS s2 hhS dhhS_s2
#! SET normalisation  200.000000
#! SET min_s2 -10
#! SET max_s2 0.
#! SET nbins_s2  400
#! SET periodic_s2 false
 -10.000000 0.000000 0.000000
 -9.975000 0.000000 0.000000
 -9.950000 0.000000 0.000000
 -9.925000 0.000000 0.000000
 -9.900000 0.000000 0.000000
 -9.875000 0.000000 0.000000
 -9.850000 0.000000 0.000000
 -9.825000 0.000000 0.000000
 -9.800000 0.000000 0.000000
 -9.775000 0.000000 0.000000
 -9.750000 0.000000 0.000000
 -9.725000 0.000000 0.000000
 -9.700000 0.000000 0.000000
 -9.675000 0.000000 0.000000
 -9.650000 0.000000 0.000000
 -9.625000 0.000000 0.000000
 -9.600000 0.000000 0.000000
 -9.575000 0.000000 0.000000
 -9.550000 0.000000 0.000000
 -9.525000 0.000000 0.000000
 -9.500000 0.000000 0.000000
 -9.475000 0.000000 0.000000
 -9.450000 0.000000 0.000000
 -9.425000 0.000000 0.000000
 -9.400000 0.000000 0.000000
 -9.375000 0.000000 0.000000
 -9.350000 0.000000 0.000000
 -9.325000 0.000000 0.000000
 -9.300000 0.000000 0.000000
 -9.275000 0.000000 0.000000
 -9.250000 0.000000 0.000000
 -9.225000 0.000000 0.000000
 -9.200000 0.000000 0.000000
 -9.175000 0.000000 0.000000
 -9.150000 0.000000 0.000000
 -9.125000 0.000000 0.000000
 -9.100000 0.000000 0.000000
 -9.075000 0.000000 0.000000
 -9.050000 0.000000 0.000000
 -9.025000 0.000000 0.000000
 -9.000000 0.000000 0.000000
 -8.975000 0.000000 0.000000
 -8.950000 0.000000 0.000000
 -8.925000 0.000000 0.000000
 -8.900000 0.000000 0.000000
 -8.875000 0.000000 0.000000
 -8.850000 0.000000 0.000000
 -8.825000 0.000000 0.000000
 -8.800000 0.000000 0.000000
 -8.775000 0.000000 0.000000
 -8.750000 0.000000 0.000000
 -8.725000 0.000000 0.000000
 -8.700000 0.000000 0.000000
 -8.675000 0.000000 0.000000
 -8.650000 0.000000 0.000000
 -8.625000 0.000000 0.000000
 -8.600000 0.000000 0.000000
 -8.575000 0.000000 0.000000
 -8.550000 0.000000 0.000000
 -8.525000 0.000000 0.000000
 -8.500000 0.000000 0.000000
 -8.475000 0.000000 0.000000
 -8.450000 0.000000 0.000000
 -8.425000 0.000000 0.000000
 -8.400000 0.000000 0.000000
 -8.375000 0.000000 0.000000
 -8.350000 0.000000 0.000000
 -8.325000 0.000000 0.000000
 -8.300000 0.000000 0.000000
 -8.275000 0.000000 0.000000
 -8.250000 0.000000 0.000000
 -8.225000 0.000000 0.000000
 -8.200000 0.000000 0.000000
 -8.175000 0.000000 0.000000
 -8.150000 0.000000 0.000000
 -8.125000 0.000000 0.000000
 -8.100000 0.000000 0.000000
 -8.075000 0.000000 0.000000
 -8.050000 0.000000 0.000000
 -8.025000 0.000000 0.000000
 -8.000000 0.000000 0.000000
 -7.975000 0.000000 0.000000
 -7.950000 0.000000 0.000002
 -7.925000 0.000000 0.000012
 -7.900000 0.000001 0.000059
 -7.875000 0.000004 0.000217
 -7.850000 0.000014 0.000604
 -7.825000 0.000036 0.001241
 -7.800000 0.000075 0.001817
 -7.775000 0.000121 0.001715
 -7.750000 0.000153 0.000628
 -7.725000 0.000149 -0.000878
 -7.700000 0.000114 -0.001806
 -7.675000 0.000067 -0.001746
 -7.650000 0.000031 -0.001118
 -7.625000 0.000011 -0.000515
 -7.600000 0.000003 -0.000176
 -7.575000 0.000001 -0.000044
 -7.550000 0.000000 -0.000003
 -7.525000 0.000000 0.000030
 -7.500000 0.000002 0.000128
 -7.475000 0.000008 0.000408
 -7.450000 0.000025 0.000985
 -7.425000 0.000060 0.001779
 -7.400000 0.000113 0.002381
 -7.375000 0.000173 0.002309
 -7.350000 0.000222 0.001499
 -7.325000 0.000245 0.000297
 -7.300000 0.000236 -0.000964
 -7.275000 0.000198 -0.002002
 -7.250000 0.000141 -0.002418
 -7.225000 0.000084 -0.001990
 -7.200000 0.000047 -0.000940
 -7.175000 0.000039 0.000342
 -7.150000 0.000064 0.001575
 -7.125000 0.000116 0.002546
 -7.100000 0.000190 0.003381
 -7.075000 0.000290 0.004892
 -7.050000 0.000447 0.007840
 -7.025000 0.000687 0.011283
 -7.000000 0.000993 0.012602
 -6.975000 0.001286 0.010338
 -6.950000 0.001494 0.006294
 -6.925000 0.001613 0.003617
 -6.900000 0.001695 0.003209
 -6.875000 0.001778 0.003314
 -6.850000 0.001854 0.002733
 -6.825000 0.001923 0.003221
 -6.800000 0.002045 0.007121
 -6.775000 0.002295 0.012855
 -6.750000 0.002661 0.015527
 -6.725000 0.003029 0.013250
 -6.700000 0.003315 0.010003
 -6.675000 0.003561 0.010416
 -6.650000 0.003871 0.014944
 -6.625000 0.004327 0.021825
 -6.600000 0.004975 0.030292
 -6.575000 0.005845 0.039178
 -6.550000 0.006912 0.045358
 -6.525000 0.008069 0.046341
 -6.500000 0.009188 0.042538
 -6.475000 0.010175 0.036235
 -6.450000 0.011011 0.031433
 -6.425000 0.011817 0.034954
 -6.400000 0.012855 0.049609
 -6.375000 0.014310 0.065558
 -6.350000 0.016009 0.067120
 -6.325000 0.017516 0.051486
 -6.300000 0.018574 0.034957
 -6.275000 0.019424 0.037128
 -6.250000 0.020607 0.059821
 -6.225000 0.022427 0.084025
 -6.200000 0.024644 0.089404
 -6.175000 0.026736 0.076188
 -6.150000 0.028461 0.063914
 -6.125000 0.030094 0.070633
 -6.100000 0.032156 0.096642
 -6.075000 0.034970 0.128178
 -6.050000 0.038504 0.152842
 -6.025000 0.042521 0.166752
 -6.000000 0.046750 0.169772
 -5.975000 0.050918 0.162329
 -5.950000 0.054827 0.150724
 -5.925000 0.058507 0.145402
 -5.900000 0.062157 0.147009
 -5.875000 0.065799 0.142088
 -5.850000 0.069119 0.121221
 -5.825000 0.071826 0.097140
 -5.800000 0.074178 0.097230
 -5.775000 0.077012 0.135675
 -5.750000 0.081157 0.197597
 -5.725000 0.086818 0.251847
 -5.700000 0.093496 0.277192
 -5.675000 0.100425 0.273334
 -5.650000 0.107019 0.252972
 -5.625000 0.113055 0.231114
 -5.600000 0.118668 0.221084
 -5.575000 0.124247 0.228059
 -5.550000 0.130142 0.244249
 -5.525000 0.136421 0.256979
 -5.500000 0.142895 0.259420
 -5.475000 0.149281 0.249788
 -5.450000 0.155287 0.230090
 -5.425000 0.160797 0.213488
 -5.400000 0.166170 0.222946
 -5.375000 0.172255 0.270052
 -5.350000 0.179832 0.336982
 -5.325000 0.188956 0.388366
 -5.300000 0.198918 0.402638
 -5.275000 0.208796 0.383814
 -5.250000 0.217932 0.345657
 -5.225000 0.226044 0.305614
 -5.200000 0.233393 0.289029
 -5.175000 0.240818 0.311617
 -5.150000 0.249070 0.346668
 -5.125000 0.257753 0.337086
 -5.100000 0.265298 0.257482
 -5.075000 0.270412 0.156016
 -5.050000 0.273610 0.116860
 -5.025000 0.277112 0.180256
 -5.000000 0.283104 0.302748
 -4.975000 0.291953 0.393800
 -4.950000 0.301949 0.389251
 -4.925000 0.310634 0.296229
 -4.900000 0.316513 0.177077
 -4.875000 0.319797 0.097273
 -4.850000 0.321940 0.087760
 -4.825000 0.324696 0.142689
 -4.800000 0.329348 0.233436
 -4.775000 0.336308 0.321280
 -4.750000 0.345129 0.380290
 -4.725000 0.355044 0.410411
 -4.700000 0.365438 0.418854
 -4.675000 0.375688 0.395707
 -4.650000 0.384824 0.330020
 -4.625000 0.391987 0.245522
 -4.600000 0.397345 0.193598
 -4.575000 0.402113 0.197173
 -4.550000 0.407339 0.221061
 -4.525000 0.412854 0.213901
 -4.500000 0.417595 0.160274
 -4.475000 0.420642 0.084761
 -4.450000 0.421952 0.028434
 -4.425000 0.422485 0.026978
 -4.400000 0.423770 0.086019
 -4.375000 0.426961 0.171035
 -4.350000 0.432068 0.231845
 -4.325000 0.438085 0.243650
 -4.300000 0.443925 0.222437
 -4.275000 0.449060 0.188061
 -4.250000 0.453072 0.128956
 -4.225000 0.455180 0.038725
 -4.200000 0.455096 -0.034792
 -4.175000 0.454004 -0.037865
 -4.150000 0.453575 0.007068
 -4.125000 0.454017 0.018667
 -4.100000 0.453801 -0.044979
 -4.075000 0.451460 -0.137950
 -4.050000 0.447297 -0.179599
 -4.025000 0.443125 -0.140405
 -4.000000 0.440520 -0.065865
 -3.975000 0.439525 -0.019909
 -3.950000 0.439038 -0.024651
 -3.925000 0.437940 -0.065638
 -3.900000 0.435518 -0.129054
 -3.875000 0.431342 -0.202519
 -3.850000 0.425477 -0.258819
 -3.825000 0.418726 -0.270493
 -3.800000 0.412326 -0.231492
 -3.775000 0.407450 -0.150955
 -3.750000 0.404872 -0.053667
 -3.725000 0.404458 0.013087
 -3.700000 0.404853 0.007021
 -3.675000 0.404170 -0.067983
 -3.650000 0.401191 -0.168463
 -3.625000 0.395828 -0.254149
 -3.600000 0.388647 -0.314638
 -3.575000 0.380198 -0.356801
 -3.550000 0.370889 -0.382726
 -3.525000 0.361233 -0.382624
 -3.500000 0.351967 -0.352234
 -3.475000 0.343674 -0.309759
 -3.450000 0.336283 -0.284131
 -3.425000 0.329208 -0.282086
 -3.400000 0.322182 -0.273822
 -3.375000 0.315748 -0.234223
 -3.350000 0.310483 -0.188592
 -3.325000 0.305882 -0.188149
 -3.300000 0.300518 -0.247274
 -3.275000 0.293262 -0.331836
 -3.250000 0.284041 -0.398595
 -3.225000 0.273639 -0.424384
 -3.200000 0.263145 -0.407001
 -3.175000 0.253497 -0.360356
 -3.150000 0.245121 -0.310185
 -3.125000 0.237739 -0.284849
 -3.100000 0.230497 -0.299519
 -3.075000 0.222490 -0.341497
 -3.050000 0.213480 -0.372143
 -3.025000 0.204260 -0.354414
 -3.000000 0.196156 -0.286652
 -2.975000 0.189991 -0.207764
 -2.950000 0.185416 -0.166053
 -2.925000 0.181180 -0.180521
 -2.900000 0.176048 -0.232036
 -2.875000 0.169552 -0.283465
 -2.850000 0.162110 -0.304081
 -2.825000 0.154664 -0.284349
 -2.800000 0.148092 -0.238006
 -2.775000 0.142748 -0.190610
 -2.750000 0.138345 -0.166177
 -2.725000 0.134096 -0.179478
 -2.700000 0.129081 -0.223824
 -2.675000 0.122890 -0.267274
 -2.650000 0.115971 -0.278753
 -2.625000 0.109223 -0.255858
 -2.600000 0.103285 -0.217876
 -2.575000 0.098264 -0.185253
 -2.550000 0.093845 -0.171297
 -2.525000 0.089478 -0.181249
 -2.500000 0.084619 -0.208388
 -2.475000 0.079041 -0.235596
 -2.450000 0.072953 -0.247766
 -2.425000 0.066770 -0.244412
 -2.400000 0.060770 -0.234616
 -2.375000 0.055047 -0.221781
 -2.350000 0.049765 -0.197333
 -2.325000 0.045340 -0.152932
 -2.300000 0.042208 -0.096985
 -2.275000 0.040372 -0.053690
 -2.250000 0.039243 -0.041999
 -2.225000 0.038021 -0.058677
 -2.200000 0.036235 -0.083205
 -2.175000 0.033958 -0.095660
 -2.150000 0.031599 -0.090107
 -2.125000 0.029534 -0.074250
 -2.100000 0.027862 -0.060713
 -2.075000 0.026383 -0.060103
 -2.050000 0.024716 -0.075303
 -2.025000 0.022557 -0.096920
 -2.000000 0.019952 -0.108371
 -1.975000 0.017300 -0.100518
 -1.950000 0.015027 -0.080364
 -1.925000 0.013254 -0.062791
 -1.900000 0.011790 -0.055934
 -1.875000 0.010395 -0.056013
 -1.850000 0.008996 -0.055084
 -1.825000 0.007669 -0.050516
 -1.800000 0.006476 -0.044809
 -1.775000 0.005419 -0.039724
 -1.750000 0.004497 -0.033612
 -1.725000 0.003760 -0.024822
 -1.700000 0.003271 -0.014059
 -1.675000 0.003052 -0.003767
 -1.650000 0.003043 0.001902
 -1.625000 0.003075 -0.000744
 -1.600000 0.002947 -0.010068
 -1.575000 0.002574 -0.018962
 -1.550000 0.002053 -0.021524
 -1.525000 0.001551 -0.017889
 -1.500000 0.001174 -0.012310
 -1.475000 0.000920 -0.008424
 -1.450000 0.000731 -0.007042
 -1.425000 0.000556 -0.006991
 -1.400000 0.000383 -0.006626
 -1.375000 0.000236 -0.004914
 -1.350000 0.000148 -0.001966
 -1.325000 0.000139 0.001172
 -1.300000 0.000196 0.003096
 -1.275000 0.000274 0.002688
 -1.250000 0.000312 0.000160
 -1.225000 0.000279 -0.002616
 -1.200000 0.000195 -0.003777
 -1.175000 0.000106 -0.003117
 -1.150000 0.000045 -0.001771
 -1.125000 0.000015 -0.000733
 -1.100000 0.000004 -0.000227
 -1.075000 0.000001 -0.000053
 -1.050000 0.000000 -0.000009
 -1.025000 0.000000 0.000000
 -1.000000 0.000000 0.000000
 -0.975000 0.000000 0.000000
 -0.950000 0.000000 0.000000
 -0.925000 0.000000 0.000000
 -0.900000 0.000000 0.000000
 -0.875000 0.000000 0.000000
 -0.850000 0.000000 0.000000
 -0.825000 0.000000 0.000000
 -0.800000 0.000000 0.000000
 -0.775000 0.000000 0.000000
 -0.750000 0.000000 0.000000
 -0.725000 0.000000 0.000000
 -0.700000 0.000000 0.000000
 -0.675000 0.000000 0.000000
 -0.650000 0.000000 0.000000
 -0.625000 0.000000 0.000000
 -0.600000 0.000000 0.000000
 -0.575000 0.000000 0.000000
 -0.550000 0.000000 0.000000
 -0.525000 0.000000 0.000000
 -0.500000 0.000000 0.000000
 -0.475000 0.000000 0.000000
 -0.450000 0.000000 0.000000
 -0.425000 0.000000 0.000000
 -0.400000 0.000000 0.000000
 -0.375000 0.000000 0.000000
 -0.350000 0.000000 0.000000
 -0.325000 0.000000 0.000000
 -0.300000 0.000000 0.000000
 -0.275000 0.000000 0.000000
 -0.250000 0.000000 0.000000
 -0.225000 0.000000 0.000000
 -0.200000 0.000000 0.000000
 -0.175000 0.000000 0.000000
 -0.150000 0.000000 0.000000
 -0.125000 0.000000 0.000000
 -0.100000 0.000000 0.000000
 -0.075000 0.000000 0.000000
 -0.050000 0.000000 0.000000
 -0.025000 0.000000 0.000000
 0.000000 0.000000 0.000000
