#! FIELDS s2a hhSe dhhSe_s2a
#! SET normalisation  200.000000
#! SET min_s2a -6
#! SET max_s2a 0.
#! SET nbins_s2a  400
#! SET periodic_s2a false
 -6.000000 0.000000 0.000000
 -5.985000 0.000000 0.000000
 -5.970000 0.000000 0.000000
 -5.955000 0.000000 0.000000
 -5.940000 0.000000 0.000000
 -5.925000 0.000000 0.000000
 -5.910000 0.000000 0.000000
 -5.895000 0.000000 0.000000
 -5.880000 0.000000 0.000000
 -5.865000 0.000000 0.000000
 -5.850000 0.000000 0.000000
 -5.835000 0.000000 0.000000
 -5.820000 0.000000 0.000000
 -5.805000 0.000000 0.000000
 -5.790000 0.000000 0.000000
 -5.775000 0.000000 0.000000
 -5.760000 0.000000 0.000000
 -5.745000 0.000000 0.000000
 -5.730000 0.000000 0.000000
 -5.715000 0.000000 0.000000
 -5.700000 0.000000 0.000000
 -5.685000 0.000000 0.000000
 -5.670000 0.000000 0.000000
 -5.655000 0.000000 0.000000
 -5.640000 0.000000 0.000000
 -5.625000 0.000000 0.000000
 -5.610000 0.000000 0.000000
 -5.595000 0.000000 0.000000
 -5.580000 0.000000 0.000000
 -5.565000 0.000000 0.000000
 -5.550000 0.000000 0.000000
 -5.535000 0.000000 0.000000
 -5.520000 0.000000 0.000000
 -5.505000 0.000000 0.000000
 -5.490000 0.000000 0.000000
 -5.475000 0.000000 0.000000
 -5.460000 0.000000 0.000000
 -5.445000 0.000000 0.000000
 -5.430000 0.000000 0.000000
 -5.415000 0.000000 0.000000
 -5.400000 0.000000 0.000000
 -5.385000 0.000000 0.000000
 -5.370000 0.000000 0.000000
 -5.355000 0.000000 0.000000
 -5.340000 0.000000 0.000000
 -5.325000 0.000000 0.000000
 -5.310000 0.000000 0.000000
 -5.295000 0.000000 0.000010
 -5.280000 0.000000 0.000034
 -5.265000 0.000001 0.000087
 -5.250000 0.000004 0.000208
 -5.235000 0.000008 0.000440
 -5.220000 0.000018 0.000854
 -5.205000 0.000035 0.001507
 -5.190000 0.000065 0.002436
 -5.175000 0.000110 0.003623
 -5.160000 0.000175 0.004977
 -5.145000 0.000261 0.006431
 -5.130000 0.000369 0.007986
 -5.115000 0.000503 0.009894
 -5.100000 0.000671 0.012658
 -5.085000 0.000892 0.016913
 -5.070000 0.001191 0.023222
 -5.055000 0.001602 0.031778
 -5.040000 0.002156 0.042203
 -5.025000 0.002876 0.053653
 -5.010000 0.003770 0.065049
 -4.995000 0.004829 0.075592
 -4.980000 0.006038 0.085215
 -4.965000 0.007394 0.095269
 -4.950000 0.008916 0.107885
 -4.935000 0.010665 0.125823
 -4.920000 0.012738 0.151224
 -4.905000 0.015254 0.184875
 -4.890000 0.018330 0.225489
 -4.875000 0.022051 0.270116
 -4.860000 0.026448 0.314818
 -4.845000 0.031498 0.356706
 -4.830000 0.037153 0.394963
 -4.815000 0.043361 0.430826
 -4.800000 0.050107 0.467494
 -4.785000 0.057439 0.509570
 -4.770000 0.065477 0.562158
 -4.755000 0.074419 0.630706
 -4.740000 0.084547 0.720892
 -4.725000 0.096221 0.836938
 -4.710000 0.109841 0.979256
 -4.695000 0.125759 1.142478
 -4.680000 0.144238 1.318193
 -4.665000 0.165390 1.496996
 -4.650000 0.189210 1.673712
 -4.635000 0.215667 1.849418
 -4.620000 0.244788 2.029557
 -4.605000 0.276687 2.219532
 -4.590000 0.311518 2.420006
 -4.575000 0.349398 2.624249
 -4.560000 0.390311 2.822668
 -4.545000 0.434105 3.006157
 -4.530000 0.480489 3.167987
 -4.515000 0.529131 3.306156
 -4.500000 0.579675 3.421746
 -4.485000 0.631792 3.516671
 -4.470000 0.685204 3.595016
 -4.455000 0.739663 3.657869
 -4.440000 0.794956 3.705681
 -4.425000 0.850851 3.737868
 -4.410000 0.907111 3.755499
 -4.395000 0.963536 3.761761
 -4.380000 1.019987 3.760021
 -4.365000 1.076360 3.752434
 -4.350000 1.132543 3.733440
 -4.335000 1.188268 3.690299
 -4.320000 1.243050 3.604778
 -4.305000 1.296115 3.461802
 -4.290000 1.346542 3.255849
 -4.275000 1.393446 2.994369
 -4.260000 1.436125 2.698654
 -4.245000 1.474270 2.394620
 -4.230000 1.507908 2.103204
 -4.215000 1.537290 1.830172
 -4.200000 1.562666 1.565848
 -4.185000 1.584025 1.292173
 -4.170000 1.601063 0.990873
 -4.155000 1.613277 0.647872
 -4.140000 1.619989 0.260197
 -4.125000 1.620547 -0.169479
 -4.110000 1.614365 -0.635747
 -4.095000 1.600985 -1.123936
 -4.080000 1.580221 -1.614374
 -4.065000 1.552261 -2.077300
 -4.050000 1.517721 -2.485772
 -4.035000 1.477578 -2.822812
 -4.020000 1.432926 -3.086851
 -4.005000 1.384767 -3.294040
 -3.990000 1.333790 -3.464143
 -3.975000 1.280401 -3.616431
 -3.960000 1.224785 -3.760889
 -3.945000 1.167061 -3.895379
 -3.930000 1.107483 -4.007324
 -3.915000 1.046509 -4.076742
 -3.900000 0.984916 -4.086374
 -3.885000 0.923698 -4.027217
 -3.870000 0.863866 -3.903926
 -3.855000 0.806255 -3.737859
 -3.840000 0.751289 -3.558553
 -3.825000 0.698922 -3.394273
 -3.810000 0.648792 -3.263547
 -3.795000 0.600379 -3.164168
 -3.780000 0.553323 -3.080296
 -3.765000 0.507554 -2.991109
 -3.750000 0.463269 -2.881310
 -3.735000 0.420817 -2.749287
 -3.720000 0.380482 -2.601733
 -3.705000 0.342433 -2.450225
 -3.690000 0.306656 -2.298605
 -3.675000 0.273155 -2.148513
 -3.660000 0.241935 -1.995424
 -3.645000 0.213067 -1.834736
 -3.630000 0.186678 -1.667264
 -3.615000 0.162840 -1.495536
 -3.600000 0.141568 -1.326261
 -3.585000 0.122786 -1.167207
 -3.570000 0.106303 -1.023385
 -3.555000 0.091848 -0.896532
 -3.540000 0.079162 -0.788736
 -3.525000 0.067972 -0.697369
 -3.510000 0.058058 -0.617919
 -3.495000 0.049278 -0.546570
 -3.480000 0.041545 -0.479693
 -3.465000 0.034796 -0.415211
 -3.450000 0.028995 -0.354777
 -3.435000 0.024061 -0.300119
 -3.420000 0.019895 -0.253460
 -3.405000 0.016370 -0.214872
 -3.390000 0.013371 -0.183613
 -3.375000 0.010801 -0.157411
 -3.360000 0.008602 -0.134507
 -3.345000 0.006731 -0.113316
 -3.330000 0.005171 -0.093660
 -3.315000 0.003895 -0.075510
 -3.300000 0.002879 -0.059166
 -3.285000 0.002095 -0.045174
 -3.270000 0.001504 -0.033479
 -3.255000 0.001071 -0.024039
 -3.240000 0.000763 -0.016934
 -3.225000 0.000547 -0.011907
 -3.210000 0.000393 -0.008506
 -3.195000 0.000282 -0.006246
 -3.180000 0.000199 -0.004765
 -3.165000 0.000135 -0.003590
 -3.150000 0.000088 -0.002677
 -3.135000 0.000053 -0.001850
 -3.120000 0.000030 -0.001178
 -3.105000 0.000016 -0.000716
 -3.090000 0.000008 -0.000394
 -3.075000 0.000003 -0.000186
 -3.060000 0.000001 -0.000086
 -3.045000 0.000001 -0.000036
 -3.030000 0.000000 0.000000
 -3.015000 0.000000 0.000000
 -3.000000 0.000000 0.000000
 -2.985000 0.000000 0.000000
 -2.970000 0.000000 0.000000
 -2.955000 0.000000 0.000000
 -2.940000 0.000000 0.000000
 -2.925000 0.000000 0.000000
 -2.910000 0.000000 0.000000
 -2.895000 0.000000 0.000000
 -2.880000 0.000000 0.000000
 -2.865000 0.000000 0.000000
 -2.850000 0.000000 0.000000
 -2.835000 0.000000 0.000000
 -2.820000 0.000000 0.000000
 -2.805000 0.000000 0.000000
 -2.790000 0.000000 0.000000
 -2.775000 0.000000 0.000000
 -2.760000 0.000000 0.000000
 -2.745000 0.000000 0.000000
 -2.730000 0.000000 0.000000
 -2.715000 0.000000 0.000000
 -2.700000 0.000000 0.000000
 -2.685000 0.000000 0.000000
 -2.670000 0.000000 0.000000
 -2.655000 0.000000 0.000000
 -2.640000 0.000000 0.000000
 -2.625000 0.000000 0.000000
 -2.610000 0.000000 0.000000
 -2.595000 0.000000 0.000000
 -2.580000 0.000000 0.000000
 -2.565000 0.000000 0.000000
 -2.550000 0.000000 0.000000
 -2.535000 0.000000 0.000000
 -2.520000 0.000000 0.000000
 -2.505000 0.000000 0.000000
 -2.490000 0.000000 0.000000
 -2.475000 0.000000 0.000000
 -2.460000 0.000000 0.000000
 -2.445000 0.000000 0.000000
 -2.430000 0.000000 0.000000
 -2.415000 0.000000 0.000000
 -2.400000 0.000000 0.000000
 -2.385000 0.000000 0.000000
 -2.370000 0.000000 0.000000
 -2.355000 0.000000 0.000000
 -2.340000 0.000000 0.000000
 -2.325000 0.000000 0.000000
 -2.310000 0.000000 0.000000
 -2.295000 0.000000 0.000000
 -2.280000 0.000000 0.000000
 -2.265000 0.000000 0.000000
 -2.250000 0.000000 0.000000
 -2.235000 0.000000 0.000000
 -2.220000 0.000000 0.000000
 -2.205000 0.000000 0.000000
 -2.190000 0.000000 0.000000
 -2.175000 0.000000 0.000000
 -2.160000 0.000000 0.000000
 -2.145000 0.000000 0.000000
 -2.130000 0.000000 0.000000
 -2.115000 0.000000 0.000000
 -2.100000 0.000000 0.000000
 -2.085000 0.000000 0.000000
 -2.070000 0.000000 0.000000
 -2.055000 0.000000 0.000000
 -2.040000 0.000000 0.000000
 -2.025000 0.000000 0.000000
 -2.010000 0.000000 0.000000
 -1.995000 0.000000 0.000000
 -1.980000 0.000000 0.000000
 -1.965000 0.000000 0.000000
 -1.950000 0.000000 0.000000
 -1.935000 0.000000 0.000000
 -1.920000 0.000000 0.000000
 -1.905000 0.000000 0.000000
 -1.890000 0.000000 0.000000
 -1.875000 0.000000 0.000000
 -1.860000 0.000000 0.000000
 -1.845000 0.000000 0.000000
 -1.830000 0.000000 0.000000
 -1.815000 0.000000 0.000000
 -1.800000 0.000000 0.000000
 -1.785000 0.000000 0.000000
 -1.770000 0.000000 0.000000
 -1.755000 0.000000 0.000000
 -1.740000 0.000000 0.000000
 -1.725000 0.000000 0.000000
 -1.710000 0.000000 0.000000
 -1.695000 0.000000 0.000000
 -1.680000 0.000000 0.000000
 -1.665000 0.000000 0.000000
 -1.650000 0.000000 0.000000
 -1.635000 0.000000 0.000000
 -1.620000 0.000000 0.000000
 -1.605000 0.000000 0.000000
 -1.590000 0.000000 0.000000
 -1.575000 0.000000 0.000000
 -1.560000 0.000000 0.000000
 -1.545000 0.000000 0.000000
 -1.530000 0.000000 0.000000
 -1.515000 0.000000 0.000000
 -1.500000 0.000000 0.000000
 -1.485000 0.000000 0.000000
 -1.470000 0.000000 0.000000
 -1.455000 0.000000 0.000000
 -1.440000 0.000000 0.000000
 -1.425000 0.000000 0.000000
 -1.410000 0.000000 0.000000
 -1.395000 0.000000 0.000000
 -1.380000 0.000000 0.000000
 -1.365000 0.000000 0.000000
 -1.350000 0.000000 0.000000
 -1.335000 0.000000 0.000000
 -1.320000 0.000000 0.000000
 -1.305000 0.000000 0.000000
 -1.290000 0.000000 0.000000
 -1.275000 0.000000 0.000000
 -1.260000 0.000000 0.000000
 -1.245000 0.000000 0.000000
 -1.230000 0.000000 0.000000
 -1.215000 0.000000 0.000000
 -1.200000 0.000000 0.000000
 -1.185000 0.000000 0.000000
 -1.170000 0.000000 0.000000
 -1.155000 0.000000 0.000000
 -1.140000 0.000000 0.000000
 -1.125000 0.000000 0.000000
 -1.110000 0.000000 0.000000
 -1.095000 0.000000 0.000000
 -1.080000 0.000000 0.000000
 -1.065000 0.000000 0.000000
 -1.050000 0.000000 0.000000
 -1.035000 0.000000 0.000000
 -1.020000 0.000000 0.000000
 -1.005000 0.000000 0.000000
 -0.990000 0.000000 0.000000
 -0.975000 0.000000 0.000000
 -0.960000 0.000000 0.000000
 -0.945000 0.000000 0.000000
 -0.930000 0.000000 0.000000
 -0.915000 0.000000 0.000000
 -0.900000 0.000000 0.000000
 -0.885000 0.000000 0.000000
 -0.870000 0.000000 0.000000
 -0.855000 0.000000 0.000000
 -0.840000 0.000000 0.000000
 -0.825000 0.000000 0.000000
 -0.810000 0.000000 0.000000
 -0.795000 0.000000 0.000000
 -0.780000 0.000000 0.000000
 -0.765000 0.000000 0.000000
 -0.750000 0.000000 0.000000
 -0.735000 0.000000 0.000000
 -0.720000 0.000000 0.000000
 -0.705000 0.000000 0.000000
 -0.690000 0.000000 0.000000
 -0.675000 0.000000 0.000000
 -0.660000 0.000000 0.000000
 -0.645000 0.000000 0.000000
 -0.630000 0.000000 0.000000
 -0.615000 0.000000 0.000000
 -0.600000 0.000000 0.000000
 -0.585000 0.000000 0.000000
 -0.570000 0.000000 0.000000
 -0.555000 0.000000 0.000000
 -0.540000 0.000000 0.000000
 -0.525000 0.000000 0.000000
 -0.510000 0.000000 0.000000
 -0.495000 0.000000 0.000000
 -0.480000 0.000000 0.000000
 -0.465000 0.000000 0.000000
 -0.450000 0.000000 0.000000
 -0.435000 0.000000 0.000000
 -0.420000 0.000000 0.000000
 -0.405000 0.000000 0.000000
 -0.390000 0.000000 0.000000
 -0.375000 0.000000 0.000000
 -0.360000 0.000000 0.000000
 -0.345000 0.000000 0.000000
 -0.330000 0.000000 0.000000
 -0.315000 0.000000 0.000000
 -0.300000 0.000000 0.000000
 -0.285000 0.000000 0.000000
 -0.270000 0.000000 0.000000
 -0.255000 0.000000 0.000000
 -0.240000 0.000000 0.000000
 -0.225000 0.000000 0.000000
 -0.210000 0.000000 0.000000
 -0.195000 0.000000 0.000000
 -0.180000 0.000000 0.000000
 -0.165000 0.000000 0.000000
 -0.150000 0.000000 0.000000
 -0.135000 0.000000 0.000000
 -0.120000 0.000000 0.000000
 -0.105000 0.000000 0.000000
 -0.090000 0.000000 0.000000
 -0.075000 0.000000 0.000000
 -0.060000 0.000000 0.000000
 -0.045000 0.000000 0.000000
 -0.030000 0.000000 0.000000
 -0.015000 0.000000 0.000000
 0.000000 0.000000 0.000000
